1499672674
1499672674
1499672694
1499672694
1499672694
1499672694
1499672694
1499672694
1499672694
1499672694
1499672694
1499672694
1499672694
1499672694
1499672694
1499672694
1499672694
1499672694
1499672705
1499672705
1499672705
1499672705
1499672705
1499672705
1499672705
1499672705
1499672705
1499672705
1499672723
1499672723
1499672723
1499672723
1499672723
1499672723
1499672723
1499672723
1499672723
1499672738
1499672738
1499672738
1499672738
1499672738
1499672738
1499672750
1499672750
1499672750
1499672750
1499672750
1499672750
1499672750
1499672750
1499672758
1499672758
1499672758
1499672758
1499672758
1499672758
1499672758
1499672758
1499672758
1499672758
1499672758
1499672758
1499672758
1499672768
1499672768
1499672783
1499672783
1499672783
1499672783
1499672783
1499672783
1499672783
1499672783
1499672783
1499672783
1499672783
1499672783
1499672783
1499672783
1499672783
1499672783
1499672783
1499672783
1499672783
1499672783
1499672783
1499672783
1499672783
1499672783
1499672783
1499672783
1499672783
1499672783
1499672783
1499672783
1499672783
1499672783
1499672783
1499672783
1499672783
1499672783
1499672786
1499672786
1499672786
1499672786
1499672786
1499672786
1499672786
1499672786
1499672786
1499672786
1499672786
1499672786
1499672786
1499672786
1499672786
1499672786
1499672786
1499672786
1499672786
1499672786
1499672786
1499672786
1499672786
1499672786
1499672786
1499672786
1499672786
1499672786
1499672786
1499672786
1499672786
1499672786
1499672786
1499672786
1499672786
1499672786
1499672786
1499672786
1499672786
1499672786
1499672786
1499672786
1499672786
1499672786
1499672786
1499672786
1499672786
1499672834
1499672834
1499672834
1499672834
1499672834
1499672834
1499672834
1499672834
1499672834
1499672834
1499672834
1499672834
1499672834
1499672834
1499672834
1499672834
1499672834
1499672834
1499672834
1499672834
1499672834
1499672834
1499672834
1499672834
1499672834
1499672834
1499672834
1499672834
1499672834
1499672895
1499672895
1499672895
1499672895
1499672932
1499672932
1499672932
1499672935
1499672935
1499672935
1499672935
1499672935
1499672945
1499672945
1499672945
1499672945
1499672945
1499672945
1499672945
1499672945
1499672945
1499672945
1499672946
1499672946
1499672959
1499672959
1499672959
1499672959
1499672959
1499672959
1499672959
1499672962
1499672962
1499672962
1499672962
1499672962
1499672970
1499672970
1499672970
1499672970
1499672976
1499672976
1499672982
1499672985
1499672987
1499672987
1499672987
1499672987
1499672987
1499672987
1499672987
1499672987
1499672987
1499672987
1499672987
1499672987
1499672987
1499672987
1499672987
1499672987
1499672987
1499672987
1499672987
1499672987
1499672987
1499672987
1499672987
1499672987
1499672987
1499672987
1499672987
1499672987
1499672987
1499672987
1499672987
1499672987
1499672987
1499672987
1499672987
1499672987
1499672987
1499672987
1499672987
1499672987
1499672987
1499672987
1499672987
1499672987
1499672987
1499672987
1499672987
1499672987
1499672987
1499672987
1499672987
1499672987
1499672987
1499672987
1499672987
1499672987
1499672987
1499672987
1499672987
1499672987
1499672987
1499672987
1499672987
1499672987
1499672987
1499672987
1499672987
1499672987
1499672988
1499672988
1499672988
1499672988
1499672988
1499672988
1499672988
1499672988
1499672988
1499672988
1499672988
1499672988
1499672988
1499672988
1499672988
1499672988
1499672988
1499672988
1499672988
1499672988
1499672988
1499672988
1499672988
1499672988
1499672988
1499672988
1499672988
1499672988
1499672988
1499672988
1499672988
1499672988
1499672988
1499672988
1499672988
1499672988
1499672988
1499672988
1499672988
1499672988
1499672988
1499672988
1499672988
1499672988
1499672988
1499672988
1499672988
1499672988
1499672988
1499672988
1499672988
1499673075
1499673075
1499673075
1499673075
1499673075
1499673075
1499673075
1499673075
1499673075
1499673075
1499673075
1499673075
1499673075
1499673075
1499673143
1499673143
1499673143
1499673143
1499673143
1499673143
1499673162
1499673162
1499673162
1499673162
1499673162
1499673162
1499673162
1499673162
