1499673075
1499673075
1499673075
1499673075
1499673075
1499673075
1499673075
1499673075
1499673075
1499673075
1499673075
1499673075
1499673075
1499673075
1499673075
1499673075
1499673075
1499673075
1499673075
1499673075
1499673075
1499673075
1499673075
1499673075
1499673075
1499673075
1499673075
1499673075
1499673075
1499673075
1499673075
1499673143
1499673143
1499673143
1499673143
1499673143
1499673143
1499673143
1499673143
1499673143
1499673143
1499673143
1499673143
1499673143
1499673143
1499673143
1499673162
1499673162
1499673162
1499673162
1499673162
1499673162
1499673162
1499673162
1499673162
1499673162
1499673162
1499673162
1499673162
1499673162
1499673162
1499673162
1499673162
1499673162
1499673162
1499673162
1499673162
1499673162
1499673162
1499673162
1499673162
1499673162
1499673162
1499673162
1499673162
1499673162
1499673162
1499673162
1499673162
1499673162
1499673162
1499673162
1499673162
1499673162
1499673162
1499673162
1499673162
1499673162
1499673162
1499673162
1499673162
1499673162
1499673162
1499673162
1499673162
1499673162
1499673162
1499673162
1499673162
1499673162
1499673162
1499673162
1499673162
1499673162
1499673162
1499673162
1499673162
1499673162
1499673162
1499673162
1499673162
1499673162
1499673162
1499673162
1499673162
1499673169
1499673169
1499673169
1499673169
1499673169
1499673169
1499673169
1499673169
1499673169
1499673169
1499673169
1499673169
1499673169
1499673169
1499673169
1499673169
1499673169
1499673169
1499673169
1499673169
1499673169
1499673169
1499673169
1499673169
1499673169
1499673169
1499673169
1499673169
1499673169
1499673169
1499673169
1499673169
1499673169
1499673169
1499673169
1499673169
1499673169
1499673169
1499673169
1499673169
1499673169
1499673169
1499673169
1499673169
1499673169
1499673169
1499673169
1499673169
1499673169
1499673169
1499673169
1499673169
1499673169
1499673169
1499673169
1499673169
1499673169
1499673169
1499673169
1499673169
1499673169
1499673169
1499673169
1499673169
1499673169
1499673169
1499673169
1499673169
1499673169
1499673169
1499673169
1499673169
1499673169
1499673169
1499673169
1499673169
1499673169
1499673169
1499673169
1499673169
1499673169
1499673169
1499673203
1499673203
1499673203
1499673203
1499673203
1499673203
1499673203
1499673203
1499673203
1499673203
1499673203
1499673244
1499673244
1499673244
1499673250
1499673250
1499673250
1499673250
1499673250
1499673250
1499673250
1499673250
1499673250
1499673250
1499673250
1499673250
1499673250
1499673250
1499673250
1499673250
1499673250
1499673250
1499673251
1499673251
1499673251
1499673251
1499673251
1499673251
1499673251
1499673251
1499673251
1499673251
1499673251
1499673251
1499673251
1499673260
1499673260
1499673260
1499673260
1499673260
1499673260
1499673260
1499673260
1499673265
1499673265
1499673265
1499673265
1499673265
1499673265
1499673265
1499673265
1499673265
1499673265
1499673265
1499673265
1499673265
1499673265
1499673265
1499673265
1499673265
1499673265
1499673265
1499673265
1499673265
1499673265
1499673265
1499673265
1499673265
1499673265
1499673265
1499673265
1499673265
1499673265
1499673265
1499673265
1499673265
1499673265
1499673265
1499673265
1499673265
1499673265
1499673265
1499673265
1499673265
1499673265
1499673265
1499673265
1499673265
1499673265
1499673265
1499673265
1499673265
1499673265
1499673265
1499673265
1499673265
1499673265
1499673265
1499673265
1499673265
1499673265
1499673265
1499673265
1499673265
1499673265
1499673265
1499673265
1499673265
1499673265
1499673265
1499673265
1499673265
1499673265
1499673265
1499673265
1499673265
1499673265
1499673265
1499673265
1499673265
1499673265
1499673265
1499673265
1499673265
1499673270
1499673270
1499673270
1499673270
1499673270
1499673270
1499673270
1499673270
1499673270
1499673320
1499673320
1499673320
1499673320
1499673320
1499673320
1499673320
1499673320
1499673320
1499673320
1499673320
1499673320
1499673320
1499673320
1499673320
1499673320
1499673320
1499673320
1499673320
1499673320
1499673320
1499673320
1499673320
1499673320
1499673320
1499673320
1499673320
1499673325
1499673325
1499673325
1499673325
1499673340
1499673340
1499673340
1499673340
1499673340
1499673340
1499673340
1499673340
1499673340
1499673340
1499673340
1499673340
1499673340
1499673340
1499673340
1499673340
1499673340
1499673340
1499673340
1499673340
1499673340
1499673340
1499673340
1499673340
1499673340
1499673340
1499673340
1499673340
1499673340
1499673340
1499673340
1499673340
1499673340
1499673340
1499673340
1499673340
1499673340
1499673340
1499673340
1499673340
1499673340
1499673340
1499673340
1499673340
1499673340
1499673340
1499673340
1499673340
1499673340
1499673340
1499673340
1499673340
1499673340
1499673340
1499673340
1499673340
1499673340
1499673340
1499673340
1499673340
1499673340
1499673340
1499673340
1499673340
1499673340
1499673340
1499673342
1499673342
1499673342
1499673342
1499673384
1499673384
1499673384
1499673384
1499673384
1499673384
1499673384
1499673384
1499673384
1499673384
1499673384
1499673384
1499673384
1499673384
1499673384
1499673384
1499673384
1499673384
1499673384
1499673384
1499673384
1499673384
1499673384
1499673384
1499673384
1499673384
1499673384
1499673384
1499673384
1499673384
1499673384
1499673384
1499673384
1499673384
1499673384
1499673384
1499673384
1499673384
1499673384
1499673384
1499673384
1499673384
1499673386
1499673386
1499673386
1499673386
1499673386
1499673386
1499673386
1499673386
1499673386
1499673386
1499673386
1499673386
1499673386
1499673386
1499673386
1499673386
1499673386
1499673386
1499673412
1499673412
1499673412
1499673412
1499673412
1499673412
1499673424
1499673424
1499673424
1499673424
1499673424
1499673424
1499673424
1499673424
1499673424
1499673424
1499673424
1499673424
1499673424
1499673424
1499673424
1499673424
1499673424
1499673424
1499673424
1499673424
1499673424
1499673424
1499673424
1499673424
1499673424
1499673424
1499673424
1499673424
1499673424
1499673424
1499673424
1499673424
1499673424
1499673424
1499673424
1499673424
1499673424
1499673424
1499673424
1499673424
1499673424
1499673424
1499673424
1499673424
1499673424
1499673424
1499673424
1499673424
1499673424
1499673424
1499673424
1499673424
1499673424
1499673424
1499673424
1499673424
1499673424
1499673424
1499673424
1499673424
1499673424
1499673424
1499673424
1499673424
1499673424
1499673424
1499673424
1499673424
1499673424
1499673424
1499673424
1499673424
1499673424
1499673424
1499673424
1499673424
1499673424
1499673424
1499673424
1499673424
1499673424
1499673424
1499673424
1499673424
1499673424
1499673424
1499673424
1499673424
1499673424
1499673424
1499673424
1499673424
1499673424
1499673424
1499673424
1499673424
1499673424
1499673424
1499673424
1499673424
1499673424
1499673424
1499673424
1499673424
1499673424
1499673424
1499673424
1499673424
1499673424
1499673424
1499673424
1499673424
1499673426
1499673426
1499673426
1499673426
1499673426
1499673426
1499673426
1499673426
1499673426
1499673426
1499673426
1499673426
1499673426
1499673426
1499673426
1499673426
1499673426
1499673426
1499673426
1499673426
1499673426
1499673426
1499673426
1499673426
1499673426
1499673426
1499673426
1499673426
1499673426
1499673426
1499673426
1499673426
1499673426
1499673494
1499673494
1499673494
1499673494
1499673494
1499673525
1499673525
1499673525
1499673525
1499673525
1499673525
1499673525
1499673525
1499673525
1499673525
1499673528
1499673528
1499673528
1499673528
1499673528
1499673528
1499673528
1499673528
1499673528
1499673528
1499673528
1499673528
1499673528
1499673528
